162,-264,868,964,-267,345,-987,985,636,78
480,51,-408,-336,-187,539,-580,-11,892,-616
108,711,-151,-8,775,710,-921,-315,33,-182
-826,367,125,578,295,384,159,-683,-747,562
-673,769,-325,-187,355,-653,-575,256,-371,-159
250,646,-742,-346,-985,884,-274,-950,365,266
714,342,-157,-225,-316,146,812,8,-99,-576
774,-618,-803,-946,370,97,-473,-193,734,-946
397,458,133,862,-396,208,978,-567,406,473
-434,-879,-564,622,-152,-468,-191,767,-28,-166
771,493,-573,626,-667,539,-959,-205,470,-739
-59,-627,-575,-394,99,-534,-245,-559,406,-204
87,353,-744,842,-782,643,151,45,364,799
293,-626,-264,870,-878,-807,998,967,-172,-154
444,93,-727,831,-645,904,-598,418,-610,411
648,-579,120,-205,470,213,294,558,-69,-593
-724,-961,-523,772,84,105,698,89,412,637
-344,-137,730,572,-416,81,-236,-347,34,-568
-410,-163,51,694,-180,-60,377,-50,-999,190
-96,-583,88,576,-337,840,693,-100,-467,369
177,994,-114,253,-361,-233,103,316,859,109
555,-870,-161,-424,-158,-946,719,33,-446,451
-707,846,49,181,-334,-675,-764,-257,-605,-48
712,228,-152,18,-813,-815,-690,-475,484,313
-539,219,-578,219,469,730,-932,-349,103,-421
159,-455,-922,329,13,327,-548,902,859,-557
755,-760,-242,88,-174,943,-334,-317,-788,-898
-356,518,-385,-297,282,849,-68,594,693,703
904,-855,-364,26,991,871,-380,359,-702,465
50,168,228,-830,593,417,534,393,102,-532
990,-745,-559,49,-84,-823,978,642,77,-727
-736,428,-479,-20,669,681,-660,-8,-298,-160
831,554,-783,335,-68,-670,-479,-346,-532,-261
577,-369,755,-197,-374,577,801,-817,638,612
-624,887,-336,65,721,-422,-600,732,348,-317
-488,-445,514,11,523,435,-271,631,-210,8
-696,817,798,-342,360,-893,462,581,-811,-814
-856,-291,-823,163,-686,-72,-415,309,-436,139
583,201,228,-551,-952,-194,408,-810,-159,608
-92,-840,-783,687,-204,-364,-574,-768,321,690
-358,-657,424,422,739,580,719,20,784,-307
601,864,217,-143,731,837,-163,-114,14,648
976,-232,221,-734,994,781,-1000,277,-574,-260
690,-482,-467,170,538,678,925,-564,848,793
-377,596,805,835,-283,814,-213,-934,427,811
-629,146,-866,971,555,807,547,-387,717,-484
150,-909,-390,336,-291,639,505,547,138,-322
451,-9,488,805,338,552,251,743,788,268
696,67,145,494,-201,838,-349,-486,-315,-154
917,-924,972,-537,-602,723,390,-640,-376,-42
487,704,681,647,547,-873,-977,668,-402,-418
-703,119,199,-667,331,-916,169,-776,665,-16
567,-209,223,-980,-952,-815,704,-461,-602,-834
120,461,996,442,429,-512,-291,-14,-23,-503
851,668,450,841,964,145,-917,147,921,-971
207,-671,630,-713,-596,271,-158,83,-386,64
-726,380,-788,-623,-403,425,350,295,212,153
-125,-919,515,-866,370,-114,-80,-796,-841,-380
-836,224,-632,-841,-568,724,-369,690,771,-24
-813,-127,-188,262,413,331,-423,596,-884,356
-148,-763,128,825,-984,304,-136,939,-684,551
18,491,-441,29,-515,732,-148,188,100,-502
-158,-354,-504,-382,-852,259,119,491,207,172
-290,625,173,282,-602,89,-533,-597,-206,23
870,-963,-666,167,406,-865,521,-506,419,120
-567,-831,-487,535,-586,195,487,189,790,-365
-398,-107,-79,105,403,843,-995,825,-452,-413
-969,355,-216,346,816,-761,-549,700,-932,800
685,727,399,-126,-922,362,397,915,-686,758
-215,51,-970,-398,-204,557,-532,-269,765,348
358,372,94,460,-261,-909,-442,-555,-943,-907
111,908,359,963,-214,732,579,674,-471,-198
674,-716,950,915,110,166,22,176,316,-455
41,184,-427,-786,-329,15,135,231,813,484
-932,-457,542,811,70,-583,-83,301,-142,359
81,-265,568,-179,589,351,-725,-104,222,-696
-72,259,144,-444,804,-119,-639,367,84,219
-99,378,-930,646,-245,235,965,-940,-83,117
396,-692,13,367,854,49,233,142,-753,850
-752,707,-446,434,66,-320,-673,43,-341,735
-528,427,-992,-615,866,843,-854,53,-586,-377
485,125,-871,-764,784,582,-202,11,-213,-555
-272,584,609,542,462,404,-855,606,471,-130
-386,-79,260,-48,469,-497,-380,42,-509,522
78,246,607,624,-217,228,94,-539,12,28
349,495,363,794,544,312,97,188,-156,505
269,-464,546,-956,683,-205,-876,966,884,-480
427,139,630,-853,910,200,924,236,-981,-159
-914,-551,-499,-301,81,-386,432,-138,553,-932
692,-789,143,-197,801,-537,369,-168,-585,-110
425,-573,-712,-228,281,457,171,-494,-717,631
-407,795,-318,292,-352,-870,-356,-357,18,647
222,94,-571,-286,-589,933,-466,-373,-225,-554
462,-615,500,-268,169,-429,-73,214,266,932
-946,237,177,-809,-299,-43,705,-669,219,39
-520,737,-794,874,-764,-573,995,-244,-759,-253
-421,346,401,178,-484,-347,-862,87,-775,-598
-122,316,166,475,-425,-387,447,917,356,989
821,311,435,437,285,400,-255,326,-373,-384
873,-857,309,223,896,321,-817,-689,867,505
